1.705899
1.731024
1.713462
1.693776
1.725147
1.708070
1.728698
1.694262
1.725431
1.740002
1.699770
1.690436
1.721868
1.728759
1.718306
1.722884
1.692770
1.739766
1.727111
1.709358
1.711262
1.691945
1.736665
1.705945
1.708739
1.730930
1.728049
1.693425
1.725644
1.724476
1.723606
1.703900
1.745841
1.694752
1.723325
1.712821
1.708218
1.715238
1.694715
1.717586
1.723105
1.699035
1.714179
1.717280
1.747009
1.712523
1.733826
1.722597
1.725324
1.716022
1.700570
1.711305
1.737659
1.727586
1.707040
1.704576
1.701794
1.742119
1.686201
1.721545
1.740267
1.710924
1.723142
1.709208
1.688971
1.725465
1.729656
1.712964
1.705398
1.729001
1.708997
1.733391
1.710674
1.739105
1.733487
1.717278
1.742045
1.710738
1.704765
1.710907
1.720870
1.719715
1.709261
1.729425
1.718662
1.718312
1.730309
1.714828
1.704617
1.751985
1.729072
1.700460
1.713363
1.735825
1.732867
1.730191
1.696702
1.713391
1.707850
1.713690
1.739654
1.744189
1.713906
1.710216
1.712925
1.731549
1.727241
1.695040
1.720027
1.697057
1.708332
1.736959
1.719987
1.725239
1.707311
1.720989
1.697561
1.697699
1.724107
1.716711
1.706933
1.730626
1.694061
1.724652
1.733000
1.683542
1.706908
1.714353
1.758954
1.714990
1.700921
1.738114
1.724857
1.740507
1.726754
1.724772
1.698683
1.719673
1.740202
1.711216
1.697550
1.727161
1.693304
1.729013
1.716512
1.721190
1.700383
1.716733
1.707882
1.748055
1.712091
1.713414
1.731241
1.716978
1.704321
1.711140
1.717194
1.711177
1.713127
1.697814
1.748732
1.725746
1.715480
1.701475
1.714694
1.686982
1.745503
1.709296
1.693773
1.722341
1.724791
1.696681
1.710155
1.716485
1.729446
1.713331
1.729890
1.723301
1.718145
1.707544
1.710289
1.728688
1.706323
1.700401
1.731846
1.727856
1.731958
1.728760
1.716095
1.717973
1.725316
1.718586
1.711856
1.714060
1.735363
1.720730
1.701493
1.711941
1.722089
1.699887
1.733891
1.699048
1.681269
1.714928
1.736273
1.707715
1.725413
1.719748
1.707319
1.726350
1.719199
1.711484
1.710395
1.694867
1.693486
1.730346
1.726289
1.721200
1.736527
1.711168
1.714483
1.734646
1.705509
1.707352
1.725489
1.737581
1.710130
1.699212
1.731516
1.723925
1.717076
1.720767
1.725465
1.720723
1.686709
1.700573
1.728074
1.719555
1.685674
1.710989
1.710645
1.715171
1.736056
1.727708
1.725305
1.711075
1.716669
1.704856
1.706106
1.693931
1.688351
1.695953
1.698736
1.718250
1.706524
1.736351
1.721568
1.728980
1.729402
1.697313
1.740923
1.706462
1.728399
1.718926
1.701490
1.721827
1.719272
1.708507
1.712913
1.713463
1.721506
1.715275
1.733654
1.710978
1.682351
1.727579
1.694789
1.734491
1.726394
1.712307
1.723404
1.727592
1.727620
1.779871
1.719233
1.722289
1.736312
1.705109
1.710983
1.713629
1.742553
1.717486
1.715092
1.716189
1.720537
1.734493
1.714003
1.695349
1.728172
1.691308
1.726440
1.691577
1.731209
1.722734
1.701002
1.728636
1.729106
1.745295
1.720424
1.704454
1.703791
1.733331
1.705209
1.718731
1.693171
1.706632
1.727088
1.728380
1.737115
1.711783
1.715251
1.718522
1.697900
1.714450
1.708697
1.731309
1.719104
1.721452
1.709607
1.691478
1.750872
1.725214
1.703506
1.721072
1.733120
1.729740
1.696885
1.729602
1.723243
1.715782
1.721296
1.707822
1.717673
1.710229
1.706793
1.717985
1.696339
1.697302
1.717766
1.699299
1.737762
1.724829
1.735235
1.730428
1.698472
1.719234
1.697201
1.705118
1.709265
1.717034
1.732024
1.729007
1.766981
1.712049
1.745025
1.702443
1.764848
1.732116
1.724970
1.734969
1.712308
1.727245
1.723430
1.733903
1.720010
1.703511
1.718336
1.745827
1.724470
1.718942
1.719107
1.717750
1.735476
1.710013
1.719927
1.714094
1.702116
1.730103
1.726985
1.714433
1.714182
1.732071
1.721895
1.696157
1.717537
1.704445
1.705237
1.718032
1.734564
1.750136
1.684543
1.707923
1.693103
1.712003
1.681162
1.721134
1.735162
1.724012
1.721458
1.719903
1.717908
1.745914
1.722276
1.699876
1.722395
1.724375
1.717687
1.717510
1.732390
1.700737
1.732369
1.723411
1.714990
1.736634
1.724810
1.714240
1.712020
1.711743
1.697517
1.720851
1.747927
1.712817
1.726728
1.709026
1.744095
1.706284
1.710003
1.738798
1.726069
1.720845
1.705901
1.740345
1.725875
1.720773
1.720123
1.733883
1.712844
1.702457
1.713979
1.728706
1.707450
1.703134
1.750372
1.700529
1.699562
1.722372
1.721784
1.696018
1.724739
1.715759
1.710101
1.746245
1.727236
1.709129
1.744207
1.711037
1.713077
1.708240
1.729967
1.707794
1.715105
1.721774
1.717106
1.736468
1.748967
1.701696
1.697507
1.706217
1.721083
1.715184
1.728531
1.723505
1.692956
1.711043
1.725566
1.729453
1.697938
1.735320
1.725209
1.727514
1.706582
1.685247
1.741655
1.685855
1.718956
1.698850
1.751012
1.708499
1.722053
1.741910
1.713650
1.707433
1.727624
1.703531
1.712587
1.712985
1.725313
1.709489
1.721850
1.718653
1.700394
1.737876
1.708151
1.712784
1.760912
1.702097
1.691185
1.732582
1.749451
1.728198
1.713565
1.681172
1.726988
1.743520
1.707523
1.718025
1.747814
1.699683
1.735118
1.730136
1.709306
1.710410
1.721924
1.706438
1.717907
1.726348
1.699195
1.717364
1.741326
1.735021
1.721780
1.712707
1.687994
1.699208
1.701046
1.711764
1.714964
1.721147
1.725438
1.721428
1.739483
1.717721
1.689091
1.732382
1.720861
1.700536
1.697737
1.688931
1.707994
1.714670
1.704360
1.733269
1.727151
1.719206
1.725565
1.711134
1.728673
1.709867
1.726789
1.714089
1.708897
1.712140
1.710944
1.710732
1.702914
1.704489
1.715537
1.726302
1.733275
1.724235
1.709143
1.712731
1.727109
1.710728
1.726562
1.717793
1.733487
1.709855
1.724999
1.691551
1.709377
1.733238
1.724362
1.724003
1.715775
1.721907
1.744761
1.719103
1.695576
1.712243
1.715679
1.720468
1.724620
1.710756
1.727600
1.720037
1.730600
1.746693
1.718968
1.709007
1.737033
1.727767
1.719304
1.710317
1.698969
1.749694
1.724352
1.698439
1.699424
1.712764
1.726347
1.744860
1.712184
1.712923
1.706747
1.705509
1.727097
1.739838
1.718348
1.718496
1.696451
1.706019
1.692798
1.713530
1.710292
1.733086
1.723487
1.749032
1.704618
1.720723
1.730953
1.693739
1.709792
1.702599
1.739345
1.705599
1.742699
1.717426
1.741128
1.731618
1.715079
1.690892
1.735253
1.748057
1.711022
1.707776
1.694895
1.712424
1.699533
1.708888
1.709785
1.734411
1.732956
1.729353
1.712832
1.748073
1.721995
1.706199
1.736588
1.708839
1.710902
1.743138
1.734083
1.718676
1.717938
1.736758
1.720670
1.684154
1.732533
1.734490
1.712138
1.731840
1.683761
1.711556
1.710676
1.710124
1.717259
1.712478
1.733803
1.696439
1.732315
1.729466
1.722349
1.705708
1.689153
1.727409
1.728824
1.736239
1.736325
1.706383
1.692618
1.704838
1.715001
1.733056
1.737631
1.721351
1.710809
1.726141
1.721743
1.719130
1.732208
1.702548
1.695564
1.693132
1.733296
1.716283
1.738723
1.700270
1.713826
1.708282
1.748293
1.734030
1.698173
1.703788
1.740729
1.686405
1.717408
1.723832
1.718844
1.736736
1.729078
1.745969
1.753940
1.711632
1.714912
1.703192
1.721981
1.684198
1.701652
1.731097
1.730419
1.696233
1.715277
1.740530
1.751325
1.719554
1.715213
1.736100
1.694898
1.714048
1.728002
1.738395
1.696890
1.730166
1.745729
1.712646
1.742217
1.707852
1.722712
1.709413
1.720026
1.706697
1.701764
1.742055
1.748820
1.713023
1.709225
1.691705
1.714182
1.717147
1.703187
1.733173
1.719985
1.732166
1.694781
1.755881
1.721714
1.701460
1.710613
1.693030
1.722404
1.734650
1.705927
1.674039
1.719032
1.734639
1.723173
1.742348
1.745686
1.711963
1.726251
1.738135
1.714273
1.710052
1.731075
1.721259
1.721342
1.688489
1.700563
1.716719
1.732047
1.702516
1.706735
1.742393
1.727807
1.723226
1.698754
1.724440
1.708264
1.717705
1.707159
1.693765
1.706832
1.693705
1.713701
1.728604
1.720043
1.722043
1.730346
1.735052
1.716724
1.729239
1.713403
1.715676
1.705626
1.731343
1.718817
1.710839
1.729401
1.699302
1.732266
1.721856
1.710636
1.725571
1.731262
1.722843
1.702395
1.716459
1.718577
1.742348
1.719820
1.722536
1.734591
1.718319
1.711147
1.732022
1.707894
1.707281
1.738219
1.709011
1.720003
1.711014
1.708641
1.737524
1.705299
1.725055
1.701409
1.731440
1.696782
1.706099
1.718154
1.707501
1.700273
1.727682
1.715480
1.733569
1.715713
1.728094
1.705399
1.693858
1.718162
1.717377
1.736756
1.691368
1.714284
1.729691
1.701967
1.682958
1.762199
1.746067
1.705716
1.715881
1.719255
1.730388
1.711413
1.699250
1.691621
1.704491
1.731137
1.708225
1.717880
1.696497
1.697779
1.726962
1.722612
1.711871
1.716367
1.705894
1.720468
1.720409
1.726791
1.719252
1.724947
1.703393
1.732552
1.741574
1.721605
1.715856
1.697027
1.698137
1.719101
1.725023
1.742513
1.697898
1.700319
1.743344
1.700642
1.707610
1.685761
1.721411
1.720322
1.715001
1.710002
1.726703
1.706804
1.714986
1.707944
1.710451
1.729575
1.716285
1.735782
1.717380
1.706992
1.741345
1.766519
1.723431
1.703173
1.708853
1.717988
1.720709
1.720159
1.716437
1.735255
1.726604
1.707777
1.726869
1.716107
1.694286
1.709074
1.714863
1.704426
1.739810
1.723412
1.704236
1.755854
1.733320
1.698219
1.697001
1.686386
1.723281
1.729839
1.732883
1.702177
1.697684
1.716513
1.750168
1.707411
1.737642
1.697748
1.717023
1.733030
1.743244
1.712861
1.705993
1.714039
1.730227
1.707052
1.697768
1.714050
1.702678
1.737675
1.721941
1.717203
1.728823
1.714692
1.728200
1.732487
1.718695
1.708686
1.713231
1.697857
1.730422
1.729036
1.707860
1.732240
1.712050
1.741875
1.742771
1.683918
1.712811
